BS,STRM,PPO
-30033.0,-397551.0,-36059.0
-32767.0,-45756.0,-36411.0
-38613.0,-89220.0,-39004.0
-42213.0,-91006.0,-37436.0
-32251.0,-45935.0,-34961.0
-36398.0,-107640.0,-34658.0
-35262.0,-139396.0,-35126.0
-35112.0,-88289.0,-38982.0
-38281.0,-61991.0,-35188.0
-32007.0,-46062.0,-39864.0
-33084.0,-47532.0,-35974.0
-43627.0,-197337.0,-36114.0
-33599.0,-105018.0,-36516.0
-30949.0,-114517.0,-35775.0
-40908.0,-69135.0,-37225.0
-39924.0,-124887.0,-41464.0
-36319.0,-64823.0,-39927.0
-32047.0,-87903.0,-33363.0
-29673.0,-165813.0,-39303.0
-32028.0,-93893.0,-38228.0
-41749.0,-153298.0,-39807.0
-33094.0,-80273.0,-37820.0
-33404.0,-46684.0,-43119.0
-41059.0,-121003.0,-34324.0
-35221.0,-46156.0,-39630.0
-36276.0,-45086.0,-34882.0
-41500.0,-50037.0,-34665.0
-31389.0,-72243.0,-39162.0
-35526.0,-95552.0,-46911.0
-42516.0,-136777.0,-39858.0
-46360.0,-99883.0,-36737.0
-30748.0,-74906.0,-31713.0
-33588.0,-44175.0,-34013.0
-35646.0,-49300.0,-38683.0
-33756.0,-117910.0,-36200.0
-34948.0,-54322.0,-33684.0
-34899.0,-126401.0,-38987.0
-30633.0,-48949.0,-40707.0
-35382.0,-141707.0,-33586.0
-33281.0,-48542.0,-34633.0
-38687.0,-54179.0,-33385.0
-33944.0,-196537.0,-37545.0
-34929.0,-51236.0,-45312.0
-34504.0,-52334.0,-39405.0
-41812.0,-45790.0,-33429.0
-41342.0,-50229.0,-37795.0
-33885.0,-110081.0,-40588.0
-30043.0,-70753.0,-36561.0
-41255.0,-51669.0,-34526.0
-33236.0,-145272.0,-35208.0
-34643.0,-50244.0,-38564.0
-42882.0,-85035.0,-36810.0
-35263.0,-46319.0,-44048.0
-38201.0,-46236.0,-29597.0
-31662.0,-43733.0,-35830.0
-39654.0,-110950.0,-35411.0
-44724.0,-45822.0,-36408.0
-39333.0,-46691.0,-37540.0
-42315.0,-45729.0,-34288.0
-33998.0,-65200.0,-37423.0
-33448.0,-46996.0,-36900.0
-34918.0,-45517.0,-35147.0
-35553.0,-60560.0,-37346.0
-43867.0,-74395.0,-27285.0
-31129.0,-47582.0,-32749.0
-40557.0,-113054.0,-31177.0
-36393.0,-53102.0,-35171.0
-32553.0,-158025.0,-30645.0
-42028.0,-71894.0,-38423.0
-36197.0,-68573.0,-34567.0
-37563.0,-74110.0,-29798.0
-35316.0,-53800.0,-35245.0
-35778.0,-111982.0,-35690.0
-40103.0,-52924.0,-41405.0
-42748.0,-154857.0,-29554.0
-36377.0,-47005.0,-44502.0
-35000.0,-157417.0,-35936.0
-43847.0,-52747.0,-35971.0
-33978.0,-89602.0,-33256.0
-39008.0,-97733.0,-41867.0
-32723.0,-77178.0,-46909.0
-34181.0,-78268.0,-36478.0
-32751.0,-133985.0,-38692.0
-33759.0,-86867.0,-49445.0
-38656.0,-44978.0,-38093.0
-37315.0,-49076.0,-39712.0
-36966.0,-160827.0,-36819.0
-39292.0,-49947.0,-38027.0
-42664.0,-53782.0,-34646.0
-28763.0,-104823.0,-40123.0
-34163.0,-160994.0,-35435.0
-37182.0,-50674.0,-40082.0
-39913.0,-45006.0,-41849.0
-37550.0,-86559.0,-44943.0
-33922.0,-60632.0,-39253.0
-36613.0,-296512.0,-40388.0
-36261.0,-82151.0,-35888.0
-34286.0,-86134.0,-37563.0
-33065.0,-52531.0,-44430.0
-41063.0,-137073.0,-36680.0
