BS,STRM,PPO
-72497.0,-997671.0,-71148.0
-79263.0,-108790.0,-68360.0
-88698.0,-340168.0,-69964.0
-101773.0,-546900.0,-75045.0
-80958.0,-102804.0,-60411.0
-86089.0,-531306.0,-63467.0
-84588.0,-526574.0,-65833.0
-87008.0,-361414.0,-69490.0
-94684.0,-196410.0,-65209.0
-75303.0,-191116.0,-68905.0
-69643.0,-266782.0,-73653.0
-106877.0,-669423.0,-66753.0
-85308.0,-393626.0,-66960.0
-70584.0,-399806.0,-64778.0
-93008.0,-473710.0,-67905.0
-93786.0,-584960.0,-73242.0
-91443.0,-395466.0,-71487.0
-71312.0,-447456.0,-61772.0
-53029.0,-626812.0,-72292.0
-71860.0,-358008.0,-76743.0
-94133.0,-522359.0,-75841.0
-81103.0,-197521.0,-74672.0
-71192.0,-108232.0,-74407.0
-95042.0,-465786.0,-64354.0
-86810.0,-111201.0,-75703.0
-83928.0,-194898.0,-70750.0
-93465.0,-435548.0,-63837.0
-67010.0,-385236.0,-73619.0
-85825.0,-443090.0,-85553.0
-98022.0,-459964.0,-77157.0
-106992.0,-370012.0,-66733.0
-78878.0,-468723.0,-60886.0
-85903.0,-141934.0,-60778.0
-76587.0,-340511.0,-69689.0
-86004.0,-407240.0,-72228.0
-79242.0,-204847.0,-63137.0
-82908.0,-492584.0,-73271.0
-72052.0,-243897.0,-71815.0
-82555.0,-423046.0,-68513.0
-78074.0,-140579.0,-65632.0
-86840.0,-199063.0,-60555.0
-74424.0,-865975.0,-69775.0
-74412.0,-186778.0,-86765.0
-75320.0,-169802.0,-69164.0
-91754.0,-98035.0,-63912.0
-95985.0,-120377.0,-72300.0
-84800.0,-394286.0,-69315.0
-54521.0,-427730.0,-74705.0
-100243.0,-359353.0,-65189.0
-72395.0,-610009.0,-66256.0
-80645.0,-243120.0,-72525.0
-97448.0,-360413.0,-69361.0
-74431.0,-155503.0,-83936.0
-89520.0,-144652.0,-53737.0
-77994.0,-113698.0,-68748.0
-92057.0,-569111.0,-67125.0
-103028.0,-110886.0,-73418.0
-87370.0,-229552.0,-72396.0
-99397.0,-93554.0,-62143.0
-82746.0,-319276.0,-69925.0
-84221.0,-273767.0,-68707.0
-81095.0,-136534.0,-64376.0
-84457.0,-375217.0,-71294.0
-97962.0,-482095.0,-52415.0
-64340.0,-219244.0,-62461.0
-91686.0,-545407.0,-59953.0
-82428.0,-237544.0,-63569.0
-73723.0,-608040.0,-60720.0
-105080.0,-257346.0,-73787.0
-89897.0,-298638.0,-67094.0
-81201.0,-278319.0,-56450.0
-83046.0,-383473.0,-68326.0
-80755.0,-402253.0,-71803.0
-99972.0,-175741.0,-74048.0
-109098.0,-553313.0,-52193.0
-89447.0,-132320.0,-84922.0
-77517.0,-632289.0,-67037.0
-95802.0,-209430.0,-62904.0
-78030.0,-381288.0,-61549.0
-94316.0,-438942.0,-75821.0
-79899.0,-405027.0,-83601.0
-92203.0,-622731.0,-65671.0
-76891.0,-427407.0,-75908.0
-82989.0,-411404.0,-90531.0
-88252.0,-171623.0,-77188.0
-86499.0,-151790.0,-73390.0
-92044.0,-592493.0,-70894.0
-103391.0,-196109.0,-71558.0
-103860.0,-164290.0,-69497.0
-50335.0,-467720.0,-73282.0
-80130.0,-575041.0,-71749.0
-93830.0,-207813.0,-70594.0
-88695.0,-149833.0,-76638.0
-95256.0,-369375.0,-82398.0
-90666.0,-237781.0,-72332.0
-86443.0,-766980.0,-78592.0
-81057.0,-356875.0,-65817.0
-77370.0,-327572.0,-76197.0
-84611.0,-191513.0,-78635.0
-97161.0,-517655.0,-73719.0
