BS,STRM,PPO
-72293.0,-1106445.0,-73862.0
-82768.0,-99992.0,-70652.0
-92802.0,-417904.0,-77158.0
-112046.0,-514638.0,-75136.0
-88548.0,-97775.0,-65441.0
-96556.0,-507175.0,-66677.0
-88349.0,-630252.0,-68873.0
-87166.0,-376372.0,-67502.0
-97809.0,-239933.0,-67735.0
-78960.0,-149719.0,-74890.0
-68251.0,-228014.0,-74734.0
-123593.0,-795652.0,-68203.0
-87875.0,-465394.0,-73312.0
-70888.0,-485398.0,-71739.0
-102536.0,-428282.0,-73925.0
-98563.0,-304199.0,-78216.0
-96194.0,-409044.0,-77492.0
-69940.0,-510223.0,-64892.0
-56221.0,-810165.0,-73385.0
-71638.0,-353765.0,-77525.0
-104979.0,-486417.0,-85783.0
-85616.0,-98229.0,-78265.0
-77225.0,-113565.0,-79786.0
-102328.0,-533023.0,-67617.0
-98987.0,-98257.0,-80443.0
-89818.0,-189013.0,-73861.0
-97989.0,-390704.0,-66630.0
-66411.0,-320622.0,-77696.0
-95151.0,-527480.0,-96069.0
-100625.0,-443159.0,-77735.0
-117647.0,-421542.0,-68461.0
-82694.0,-412606.0,-63615.0
-89056.0,-99125.0,-63031.0
-81210.0,-209368.0,-71792.0
-90768.0,-463643.0,-75937.0
-79012.0,-212481.0,-67101.0
-87296.0,-524383.0,-74385.0
-72359.0,-279973.0,-77732.0
-88165.0,-494807.0,-67685.0
-83415.0,-152281.0,-71315.0
-94785.0,-214086.0,-64659.0
-83070.0,-789486.0,-70803.0
-78801.0,-169157.0,-87384.0
-83200.0,-181166.0,-73982.0
-100398.0,-100330.0,-66154.0
-100092.0,-152422.0,-76052.0
-92916.0,-463518.0,-76122.0
-62831.0,-404356.0,-69939.0
-100213.0,-323107.0,-63015.0
-75515.0,-683907.0,-65540.0
-85717.0,-263482.0,-73629.0
-109647.0,-392845.0,-71802.0
-80121.0,-165149.0,-88036.0
-92197.0,-106987.0,-60974.0
-84148.0,-109823.0,-70123.0
-93415.0,-428941.0,-70783.0
-112423.0,-126756.0,-72350.0
-95041.0,-226235.0,-75779.0
-103868.0,-91248.0,-65486.0
-88966.0,-336832.0,-73251.0
-91079.0,-204217.0,-73022.0
-79751.0,-101128.0,-65219.0
-91250.0,-409363.0,-72115.0
-104987.0,-431519.0,-53233.0
-69474.0,-169073.0,-64411.0
-102024.0,-610398.0,-62247.0
-87129.0,-167833.0,-69806.0
-73499.0,-621939.0,-60651.0
-111033.0,-330437.0,-77047.0
-94582.0,-347398.0,-72227.0
-90734.0,-230648.0,-60730.0
-93890.0,-368241.0,-67715.0
-85515.0,-425774.0,-68511.0
-106920.0,-116416.0,-78231.0
-118087.0,-563450.0,-58154.0
-95795.0,-140352.0,-87001.0
-88999.0,-718246.0,-67257.0
-110938.0,-275159.0,-68231.0
-83083.0,-453317.0,-66259.0
-98937.0,-371048.0,-84819.0
-84751.0,-359502.0,-94896.0
-90721.0,-647755.0,-69463.0
-77174.0,-544365.0,-75716.0
-87033.0,-398880.0,-91125.0
-100381.0,-184258.0,-77117.0
-93002.0,-143637.0,-80548.0
-103677.0,-609029.0,-74319.0
-111757.0,-210455.0,-76736.0
-107816.0,-93132.0,-70678.0
-53189.0,-435883.0,-74217.0
-87364.0,-700575.0,-75480.0
-102050.0,-189105.0,-73883.0
-98976.0,-108590.0,-83053.0
-98922.0,-357839.0,-84484.0
-93418.0,-253090.0,-74805.0
-86781.0,-1070273.0,-82270.0
-90271.0,-288362.0,-70163.0
-84721.0,-217675.0,-70992.0
-92354.0,-209026.0,-85811.0
-101787.0,-553992.0,-73723.0
