BS,STRM,PPO
-56550.0,-56550.0,-68864.0
-56550.0,-56550.0,-67411.0
-56550.0,-56550.0,-68909.0
-56550.0,-56550.0,-68931.0
-56550.0,-56550.0,-67520.0
-56550.0,-56550.0,-69683.0
-56550.0,-56550.0,-70136.0
-56550.0,-56550.0,-69071.0
-56550.0,-56550.0,-67317.0
-56550.0,-56550.0,-68149.0
-56550.0,-56550.0,-67341.0
-56550.0,-56550.0,-66552.0
-56550.0,-56550.0,-67575.0
-56550.0,-56550.0,-69760.0
-56550.0,-56550.0,-69383.0
-56550.0,-56550.0,-68392.0
-56550.0,-56550.0,-65857.0
-56550.0,-56550.0,-69500.0
-56550.0,-56550.0,-70898.0
-56550.0,-56550.0,-68924.0
-56550.0,-56550.0,-69058.0
-56550.0,-56550.0,-69317.0
-56550.0,-56550.0,-69649.0
-56550.0,-56550.0,-69609.0
-56550.0,-56550.0,-68715.0
-56550.0,-56550.0,-67870.0
-56550.0,-56550.0,-69272.0
-56550.0,-56550.0,-67205.0
-56550.0,-56550.0,-68709.0
-56550.0,-56550.0,-68153.0
-56550.0,-56550.0,-67756.0
-56550.0,-56550.0,-69073.0
-56550.0,-56550.0,-67925.0
-56550.0,-56550.0,-67868.0
-56550.0,-56550.0,-67603.0
-56550.0,-56550.0,-70325.0
-56550.0,-56550.0,-66037.0
-56550.0,-56550.0,-68093.0
-56550.0,-56550.0,-69908.0
-56550.0,-56550.0,-69336.0
-56550.0,-56550.0,-68700.0
-56550.0,-56550.0,-69251.0
-56550.0,-56550.0,-69676.0
-56550.0,-56550.0,-66709.0
-56550.0,-56550.0,-68725.0
-56550.0,-56550.0,-66295.0
-56550.0,-56550.0,-69175.0
-56550.0,-56550.0,-70126.0
-56550.0,-56550.0,-70003.0
-56550.0,-56550.0,-68975.0
-56550.0,-56550.0,-66976.0
-56550.0,-56550.0,-65787.0
-56550.0,-56550.0,-69065.0
-56550.0,-56550.0,-69824.0
-56550.0,-56550.0,-69235.0
-56550.0,-56550.0,-67237.0
-56550.0,-56550.0,-67393.0
-56550.0,-56550.0,-70362.0
-56550.0,-56550.0,-68543.0
-56550.0,-56550.0,-66953.0
-56550.0,-56550.0,-68017.0
-56550.0,-56550.0,-68874.0
-56550.0,-56550.0,-68284.0
-56550.0,-56550.0,-66100.0
-56550.0,-56550.0,-68032.0
-56550.0,-56550.0,-69460.0
-56550.0,-56550.0,-70928.0
-56550.0,-56550.0,-68153.0
-56550.0,-56550.0,-69360.0
-56550.0,-56550.0,-68774.0
-56550.0,-56550.0,-68672.0
-56550.0,-56550.0,-69147.0
-56550.0,-56550.0,-67409.0
-56550.0,-56550.0,-67348.0
-56550.0,-56550.0,-67044.0
-56550.0,-56550.0,-67921.0
-56550.0,-56550.0,-68493.0
-56550.0,-56550.0,-66397.0
-56550.0,-56550.0,-66777.0
-56550.0,-56550.0,-66739.0
-56550.0,-56550.0,-67958.0
-56550.0,-56550.0,-68233.0
-56550.0,-56550.0,-68659.0
-56550.0,-56550.0,-65650.0
-56550.0,-56550.0,-67297.0
-56550.0,-56550.0,-70092.0
-56550.0,-56550.0,-66995.0
-56550.0,-56550.0,-70380.0
-56550.0,-56550.0,-68251.0
-56550.0,-56550.0,-67540.0
-56550.0,-56550.0,-68630.0
-56550.0,-56550.0,-70029.0
-56550.0,-56550.0,-68009.0
-56550.0,-56550.0,-68880.0
-56550.0,-56550.0,-69200.0
-56550.0,-56550.0,-67240.0
-56550.0,-56550.0,-68957.0
-56550.0,-56550.0,-67481.0
-56550.0,-56550.0,-69876.0
-56550.0,-56550.0,-68410.0
