BS,STRM,PPO
-83689.0,-111941.0,-51132.0
-82436.0,-109539.0,-48167.0
-86522.0,-110528.0,-48213.0
-84396.0,-111837.0,-45373.0
-85931.0,-112395.0,-52582.0
-84529.0,-110975.0,-51444.0
-87219.0,-111214.0,-54344.0
-85631.0,-109936.0,-54269.0
-85925.0,-112362.0,-47000.0
-86954.0,-111927.0,-51851.0
-85728.0,-111684.0,-47726.0
-85856.0,-110173.0,-47771.0
-85588.0,-110141.0,-52945.0
-87540.0,-110746.0,-53281.0
-83270.0,-110965.0,-47231.0
-86918.0,-109858.0,-48882.0
-84014.0,-111114.0,-48693.0
-84232.0,-110021.0,-50100.0
-87501.0,-113261.0,-50608.0
-86673.0,-111069.0,-47835.0
-84616.0,-112425.0,-47856.0
-86715.0,-112378.0,-57984.0
-84829.0,-111954.0,-54551.0
-85480.0,-113078.0,-50527.0
-85981.0,-111403.0,-50532.0
-83786.0,-111792.0,-50398.0
-86118.0,-110576.0,-46195.0
-89017.0,-109674.0,-46626.0
-87177.0,-110747.0,-49358.0
-87620.0,-113953.0,-47567.0
-83589.0,-111646.0,-49687.0
-88073.0,-111191.0,-47360.0
-86259.0,-112247.0,-53871.0
-84584.0,-111857.0,-47520.0
-85451.0,-110896.0,-43062.0
-83962.0,-112167.0,-49286.0
-85325.0,-112133.0,-48671.0
-85643.0,-110056.0,-48831.0
-85962.0,-110938.0,-51392.0
-84429.0,-111677.0,-48162.0
-87186.0,-108093.0,-45005.0
-85667.0,-111364.0,-49727.0
-86840.0,-111376.0,-49986.0
-85872.0,-110194.0,-49136.0
-88599.0,-112259.0,-50654.0
-86063.0,-109630.0,-49166.0
-84812.0,-112507.0,-50118.0
-85907.0,-109657.0,-48387.0
-84557.0,-112771.0,-46393.0
-84870.0,-111040.0,-48702.0
-85206.0,-111906.0,-52967.0
-83741.0,-111618.0,-49981.0
-85370.0,-109694.0,-49309.0
-85306.0,-112014.0,-49689.0
-84981.0,-111317.0,-54095.0
-83737.0,-110979.0,-49157.0
-85864.0,-112893.0,-47878.0
-86929.0,-110016.0,-52858.0
-85655.0,-112663.0,-49662.0
-85038.0,-114296.0,-55827.0
-84022.0,-110207.0,-55403.0
-85553.0,-111517.0,-52105.0
-86487.0,-111419.0,-53256.0
-86260.0,-111133.0,-47475.0
-86262.0,-114080.0,-48347.0
-87733.0,-111523.0,-50873.0
-84783.0,-111153.0,-53165.0
-87931.0,-109918.0,-46856.0
-85980.0,-110212.0,-50485.0
-85592.0,-112123.0,-45789.0
-85236.0,-113287.0,-50620.0
-87200.0,-111206.0,-48749.0
-84232.0,-111825.0,-49583.0
-86865.0,-111894.0,-48254.0
-85327.0,-112920.0,-54992.0
-84298.0,-109326.0,-52879.0
-85721.0,-111032.0,-48642.0
-85618.0,-111575.0,-47887.0
-85769.0,-108509.0,-48661.0
-85631.0,-111812.0,-54614.0
-86468.0,-110993.0,-50665.0
-84267.0,-112160.0,-52988.0
-85651.0,-110305.0,-52432.0
-85330.0,-109557.0,-51852.0
-84593.0,-111790.0,-49915.0
-84541.0,-110395.0,-50795.0
-85280.0,-112661.0,-49228.0
-81916.0,-112627.0,-48321.0
-84698.0,-110985.0,-48620.0
-85207.0,-110173.0,-48690.0
-86603.0,-112092.0,-47167.0
-84896.0,-111074.0,-58139.0
-86543.0,-112406.0,-47908.0
-84750.0,-112277.0,-51921.0
-85757.0,-111394.0,-48096.0
-84340.0,-109525.0,-49431.0
-85772.0,-111866.0,-51080.0
-84787.0,-110831.0,-52839.0
-85593.0,-110043.0,-51282.0
-86023.0,-112393.0,-50847.0
