BS,STRM,PPO
-20529.0,-20783.0,-16006.0
-20573.0,-20765.0,-13328.0
-20381.0,-21138.0,-13694.0
-20622.0,-20520.0,-14674.0
-20749.0,-20938.0,-17076.0
-20370.0,-21596.0,-14655.0
-20087.0,-20877.0,-13456.0
-20833.0,-20535.0,-17454.0
-20821.0,-20914.0,-14553.0
-20429.0,-20539.0,-16036.0
-20168.0,-20731.0,-15075.0
-20217.0,-20420.0,-13002.0
-20215.0,-20914.0,-13469.0
-20189.0,-20813.0,-12707.0
-20361.0,-20632.0,-13187.0
-20731.0,-20642.0,-14388.0
-20658.0,-20445.0,-16298.0
-20650.0,-21060.0,-15197.0
-20229.0,-20562.0,-14860.0
-20845.0,-21149.0,-13757.0
-19984.0,-20820.0,-14022.0
-21185.0,-20934.0,-16462.0
-20600.0,-21651.0,-15949.0
-20642.0,-21354.0,-14002.0
-20556.0,-20340.0,-16419.0
-20863.0,-20545.0,-14562.0
-20270.0,-20752.0,-13992.0
-21231.0,-20714.0,-14257.0
-19880.0,-20858.0,-14612.0
-20901.0,-21009.0,-13411.0
-19658.0,-20914.0,-14833.0
-20693.0,-20994.0,-13642.0
-20397.0,-20766.0,-17080.0
-20612.0,-20763.0,-13709.0
-20139.0,-20712.0,-11154.0
-20560.0,-20362.0,-13650.0
-20338.0,-20521.0,-13521.0
-20766.0,-20571.0,-11986.0
-20927.0,-20747.0,-15535.0
-20229.0,-20871.0,-16678.0
-20711.0,-20129.0,-12151.0
-20219.0,-21128.0,-13413.0
-20836.0,-19947.0,-13377.0
-20156.0,-20963.0,-13836.0
-20972.0,-20742.0,-14356.0
-20565.0,-20847.0,-13679.0
-20678.0,-20646.0,-15075.0
-21133.0,-19961.0,-15942.0
-20152.0,-21335.0,-14836.0
-20216.0,-20882.0,-12624.0
-20370.0,-20483.0,-16049.0
-20217.0,-21048.0,-14131.0
-20256.0,-20484.0,-14663.0
-20560.0,-21045.0,-15218.0
-20238.0,-20891.0,-15943.0
-21070.0,-20414.0,-13724.0
-20449.0,-20905.0,-13474.0
-20844.0,-20444.0,-13450.0
-20502.0,-21106.0,-12755.0
-20685.0,-20270.0,-15118.0
-20267.0,-21081.0,-14874.0
-20020.0,-20402.0,-13509.0
-20469.0,-21148.0,-14647.0
-20627.0,-20723.0,-14064.0
-20141.0,-21331.0,-11013.0
-20620.0,-20534.0,-14167.0
-20398.0,-20672.0,-15643.0
-21107.0,-20936.0,-11595.0
-20627.0,-20753.0,-13882.0
-20494.0,-20628.0,-13152.0
-20269.0,-21221.0,-15712.0
-20830.0,-21064.0,-15992.0
-20574.0,-20275.0,-12980.0
-20793.0,-20710.0,-12790.0
-21079.0,-20727.0,-14131.0
-20179.0,-21125.0,-12484.0
-20460.0,-20254.0,-13564.0
-20643.0,-20722.0,-14681.0
-20258.0,-20323.0,-14305.0
-20360.0,-20719.0,-15504.0
-20714.0,-20573.0,-13464.0
-20368.0,-21101.0,-14900.0
-20669.0,-20365.0,-15620.0
-20622.0,-20342.0,-13862.0
-20702.0,-21136.0,-15060.0
-20810.0,-20845.0,-14089.0
-20084.0,-20942.0,-14588.0
-19760.0,-21352.0,-13045.0
-20162.0,-20715.0,-15521.0
-19835.0,-20469.0,-13481.0
-20951.0,-20887.0,-14268.0
-20587.0,-21043.0,-12618.0
-20869.0,-21218.0,-14521.0
-20406.0,-20682.0,-13622.0
-20565.0,-20865.0,-14122.0
-19872.0,-20865.0,-13938.0
-20451.0,-20659.0,-16000.0
-20290.0,-20439.0,-15991.0
-20531.0,-20481.0,-14129.0
-20084.0,-20513.0,-17943.0
