BS,STRM,PPO
-27375.0,-46859.0,-29871.0
-34828.0,-38938.0,-35688.0
-31714.0,-220858.0,-28898.0
-37202.0,-34806.0,-23193.0
-30247.0,-238169.0,-36043.0
-30709.0,-154449.0,-39710.0
-30060.0,-53056.0,-30573.0
-32420.0,-116437.0,-40231.0
-35702.0,-78809.0,-30710.0
-29073.0,-218149.0,-35413.0
-29473.0,-206047.0,-31082.0
-28694.0,-77279.0,-21575.0
-26693.0,-51843.0,-35075.0
-28778.0,-59582.0,-30536.0
-35163.0,-60577.0,-29552.0
-29503.0,-126967.0,-30462.0
-37168.0,-78395.0,-34904.0
-30689.0,-121421.0,-29134.0
-30406.0,-64478.0,-36893.0
-29822.0,-191919.0,-24590.0
-35719.0,-43079.0,-29106.0
-32428.0,-56570.0,-37526.0
-32951.0,-107773.0,-37672.0
-31544.0,-69560.0,-34533.0
-32141.0,-68284.0,-31890.0
-31763.0,-43252.0,-35091.0
-29839.0,-33356.0,-32754.0
-32253.0,-82254.0,-34546.0
-26453.0,-65752.0,-36690.0
-32765.0,-127140.0,-23628.0
-30692.0,-267513.0,-38232.0
-29769.0,-161084.0,-28505.0
-28100.0,-48093.0,-36424.0
-33171.0,-60359.0,-24108.0
-31308.0,-161348.0,-20219.0
-36158.0,-118843.0,-27295.0
-29202.0,-92170.0,-27200.0
-31364.0,-175075.0,-26689.0
-29745.0,-88769.0,-27621.0
-31172.0,-212540.0,-33090.0
-30898.0,-202842.0,-29694.0
-31240.0,-43899.0,-31037.0
-34403.0,-40418.0,-28719.0
-28834.0,-271740.0,-36621.0
-31659.0,-37204.0,-26775.0
-27908.0,-124957.0,-28219.0
-32593.0,-37884.0,-32139.0
-34172.0,-276946.0,-28994.0
-33622.0,-60959.0,-27271.0
-34307.0,-276951.0,-36505.0
-27420.0,-161010.0,-30693.0
-30810.0,-272549.0,-28416.0
-30530.0,-215518.0,-31692.0
-35544.0,-56273.0,-30136.0
-28202.0,-51075.0,-30892.0
-35988.0,-44501.0,-25857.0
-30105.0,-194428.0,-22008.0
-32113.0,-115302.0,-31900.0
-30215.0,-71950.0,-34567.0
-34237.0,-34464.0,-33447.0
-34784.0,-291257.0,-33810.0
-28930.0,-55679.0,-32037.0
-35553.0,-82956.0,-31728.0
-28803.0,-56022.0,-31940.0
-32528.0,-34330.0,-23524.0
-30609.0,-131420.0,-24255.0
-30454.0,-220747.0,-37535.0
-34597.0,-151213.0,-26225.0
-28673.0,-346077.0,-29919.0
-31809.0,-51606.0,-27215.0
-34962.0,-36745.0,-39020.0
-32579.0,-49798.0,-35599.0
-33620.0,-78224.0,-28048.0
-30667.0,-49043.0,-27390.0
-37408.0,-38401.0,-37900.0
-33135.0,-42667.0,-27369.0
-29736.0,-56789.0,-24530.0
-33524.0,-108521.0,-25978.0
-34992.0,-36718.0,-32844.0
-29771.0,-46753.0,-37087.0
-30871.0,-164030.0,-29543.0
-29946.0,-38917.0,-30781.0
-38558.0,-102949.0,-39787.0
-32837.0,-197108.0,-29997.0
-34257.0,-51833.0,-34120.0
-31137.0,-197294.0,-24580.0
-29096.0,-146832.0,-32026.0
-34895.0,-40555.0,-33219.0
-31559.0,-185408.0,-29131.0
-34992.0,-40863.0,-29643.0
-33581.0,-62371.0,-35638.0
-32477.0,-149264.0,-26506.0
-33079.0,-103793.0,-41371.0
-29337.0,-189515.0,-34916.0
-34096.0,-33777.0,-37036.0
-27898.0,-40646.0,-32207.0
-32786.0,-142119.0,-30752.0
-33811.0,-59244.0,-26715.0
-32754.0,-255727.0,-28721.0
-30980.0,-60068.0,-30481.0
