BS,STRM,PPO
-59358.0,-148379.0,-58082.0
-89860.0,-82540.0,-66085.0
-74508.0,-261376.0,-58353.0
-87399.0,-89122.0,-55140.0
-63676.0,-375920.0,-70793.0
-70928.0,-318550.0,-76464.0
-68883.0,-128746.0,-72654.0
-77269.0,-334413.0,-79053.0
-84495.0,-129156.0,-64355.0
-75883.0,-368725.0,-72691.0
-68201.0,-428644.0,-64079.0
-69227.0,-266707.0,-54498.0
-62827.0,-83732.0,-73551.0
-61841.0,-142141.0,-63710.0
-77629.0,-104585.0,-62918.0
-64340.0,-255126.0,-66978.0
-84092.0,-199750.0,-72236.0
-73404.0,-243568.0,-61593.0
-65799.0,-171311.0,-72077.0
-61062.0,-296451.0,-57244.0
-88310.0,-87581.0,-64963.0
-70508.0,-186891.0,-81827.0
-73599.0,-141547.0,-79732.0
-71557.0,-109698.0,-67663.0
-64426.0,-169210.0,-67030.0
-76164.0,-89806.0,-78226.0
-75267.0,-96516.0,-63759.0
-71504.0,-97440.0,-63052.0
-69762.0,-116209.0,-70662.0
-64406.0,-187616.0,-56786.0
-84915.0,-426779.0,-73818.0
-68362.0,-384406.0,-63110.0
-60369.0,-97853.0,-78767.0
-79131.0,-120877.0,-58227.0
-69211.0,-282878.0,-44022.0
-93608.0,-262041.0,-58536.0
-66853.0,-125914.0,-60462.0
-72363.0,-298939.0,-62249.0
-68608.0,-163662.0,-61253.0
-78789.0,-430449.0,-63993.0
-70097.0,-491826.0,-55786.0
-72208.0,-140035.0,-64059.0
-80600.0,-88534.0,-59223.0
-74925.0,-608396.0,-76797.0
-77144.0,-109306.0,-70202.0
-59023.0,-229052.0,-57413.0
-77141.0,-91555.0,-67301.0
-70475.0,-664094.0,-63413.0
-83039.0,-125986.0,-56904.0
-89938.0,-661112.0,-73364.0
-68120.0,-312005.0,-70458.0
-73227.0,-424596.0,-64083.0
-73816.0,-494507.0,-63258.0
-87927.0,-104907.0,-66983.0
-62846.0,-120827.0,-69170.0
-84325.0,-86143.0,-58011.0
-64265.0,-244041.0,-54812.0
-73292.0,-195862.0,-74274.0
-69266.0,-155971.0,-72879.0
-82164.0,-120390.0,-80838.0
-89270.0,-558382.0,-78480.0
-65639.0,-201615.0,-66489.0
-80207.0,-179490.0,-72913.0
-62331.0,-135145.0,-63949.0
-73639.0,-85035.0,-54558.0
-73842.0,-250195.0,-61882.0
-69159.0,-377487.0,-73203.0
-79909.0,-383609.0,-55653.0
-65598.0,-561875.0,-62291.0
-77471.0,-101443.0,-58026.0
-82719.0,-89141.0,-76549.0
-68395.0,-187746.0,-76486.0
-79995.0,-148103.0,-55358.0
-67987.0,-153588.0,-55958.0
-87009.0,-102502.0,-77638.0
-73160.0,-107669.0,-69038.0
-64930.0,-114355.0,-61468.0
-79563.0,-175511.0,-60644.0
-84282.0,-125594.0,-67284.0
-69233.0,-106430.0,-76612.0
-62744.0,-460762.0,-66003.0
-66554.0,-88926.0,-69288.0
-91483.0,-258794.0,-72681.0
-77106.0,-486413.0,-68528.0
-78934.0,-101039.0,-71144.0
-60282.0,-314042.0,-58639.0
-79244.0,-233854.0,-72798.0
-89666.0,-87994.0,-63442.0
-70410.0,-357700.0,-68979.0
-88604.0,-98326.0,-64811.0
-69172.0,-122379.0,-61904.0
-75085.0,-225731.0,-72752.0
-84376.0,-138689.0,-72270.0
-75537.0,-352118.0,-68696.0
-81801.0,-85945.0,-69127.0
-61559.0,-120044.0,-60675.0
-69807.0,-207681.0,-65085.0
-85214.0,-147937.0,-64688.0
-79879.0,-364699.0,-63148.0
-69518.0,-96754.0,-66445.0
